wavelength,alpha,energy
248,2069810,5.009576613
253,2009910,4.910573123
258,1834170,4.815406977
264,1644290,4.705965909
270,1477660,4.601388889
276,1331280,4.501358696
282,1143260,4.405585106
288,984860,4.313802083
295,880860,4.211440678
302,818230,4.113824503
310,778650,4.00766129
318,752620,3.906839623
326,735280,3.810966258
335,724140,3.70858209
344,717140,3.611555233
354,714200,3.509533898
365,715280,3.403767123
376,723090,3.30418883
387,742210,3.210271318
400,674170,3.1059375
413,592480,3.008171913
428,505750,2.902745327
443,281330,2.804458239
459,190530,2.706699346
477,142200,2.604559748
496,111740,2.504788306
517,90340,2.403046422
539,74560,2.304962894
564,61460,2.202792553
590,51150,2.105720339
620,42790,2.003830645
653,34400,1.902565084
689,28720,1.803156749
729,21220,1.704218107
775,15060,1.603064516
827,9030,1.502267231
954,1,1.302279874
