wavelength,alpha,energy
9.4100e+02,1.7100e+02,1.3176e+00
9.4800e+02,1.3200e+02,1.3079e+00
9.5500e+02,1.2000e+02,1.2983e+00
9.6200e+02,1.0500e+02,1.2888e+00
9.6900e+02,9.9100e+01,1.2795e+00
9.7600e+02,9.4600e+01,1.2703e+00
9.8300e+02,8.6400e+01,1.2613e+00
9.9000e+02,7.7900e+01,1.2524e+00
9.9700e+02,6.8900e+01,1.2436e+00
1.0040e+03,5.9600e+01,1.2349e+00
1.0110e+03,5.1300e+01,1.2264e+00
1.0180e+03,4.3700e+01,1.2179e+00
1.0250e+03,3.6600e+01,1.2096e+00
1.0320e+03,3.0300e+01,1.2014e+00
1.0390e+03,2.4600e+01,1.1933e+00
1.0460e+03,1.9700e+01,1.1853e+00
1.0530e+03,1.5600e+01,1.1774e+00
1.0600e+03,1.2100e+01,1.1697e+00
1.0670e+03,9.5800e+00,1.1620e+00
1.0740e+03,7.8500e+00,1.1544e+00
1.0810e+03,6.4600e+00,1.1469e+00
1.0880e+03,5.3500e+00,1.1396e+00
1.0950e+03,4.4000e+00,1.1323e+00
1.1020e+03,3.5900e+00,1.1251e+00
1.1090e+03,2.9500e+00,1.1180e+00
1.1160e+03,2.4100e+00,1.1110e+00
1.1230e+03,1.9400e+00,1.1040e+00
1.1300e+03,1.5400e+00,1.0972e+00
1.1340e+03,1.3300e+00,1.0933e+00
1.1370e+03,1.2000e+00,1.0905e+00
1.1410e+03,1.0200e+00,1.0866e+00
1.1480e+03,7.7000e-01,1.0800e+00
1.1550e+03,5.5400e-01,1.0735e+00
1.1620e+03,3.7300e-01,1.0670e+00
1.1690e+03,2.3100e-01,1.0606e+00
1.1760e+03,1.1100e-01,1.0543e+00
1.1830e+03,4.6200e-02,1.0480e+00
1.1900e+03,2.8000e-02,1.0419e+00
1.1970e+03,1.9300e-02,1.0358e+00
1.2040e+03,1.3500e-02,1.0298e+00
1.2110e+03,9.3900e-03,1.0238e+00
1.2180e+03,6.6400e-03,1.0179e+00
1.2250e+03,4.5900e-03,1.0121e+00
1.2320e+03,3.0700e-03,1.0064e+00
1.2390e+03,1.9300e-03,1.0007e+00
1.2460e+03,1.1000e-03,9.9506e-01
1.2530e+03,5.2700e-04,9.8950e-01
1.2600e+03,2.7200e-04,9.8400e-01
1.2670e+03,1.7300e-04,9.7857e-01
1.2740e+03,1.2000e-04,9.7319e-01
1.2810e+03,8.4800e-05,9.6787e-01
1.2880e+03,6.0000e-05,9.6261e-01
1.2950e+03,4.2400e-05,9.5741e-01
1.3020e+03,3.0000e-05,9.5226e-01
1.3090e+03,2.0800e-05,9.4717e-01
1.3160e+03,1.4100e-05,9.4213e-01
1.3230e+03,8.9900e-06,9.3714e-01
1.3300e+03,5.6400e-06,9.3221e-01
1.3370e+03,3.3600e-06,9.2733e-01
1.3440e+03,2.2300e-06,9.2250e-01
1.3510e+03,1.6500e-06,9.1772e-01
1.3580e+03,1.1900e-06,9.1299e-01
1.3650e+03,9.4600e-07,9.0831e-01
1.3720e+03,6.4400e-07,9.0367e-01
1.3790e+03,5.7500e-07,8.9909e-01
1.3860e+03,4.5700e-07,8.9455e-01
1.3930e+03,4.0900e-07,8.9005e-01
1.4000e+03,3.1400e-07,8.8560e-01
1.4070e+03,2.2700e-07,8.8120e-01
1.4140e+03,2.0400e-07,8.7683e-01
1.4210e+03,1.4200e-07,8.7251e-01
