wavelength,n,k,alpha,energy
2.5000e+02,1.6940e+00,3.6660e+00,1.8427e+06,4.9594e+00
2.6000e+02,1.8000e+00,4.0720e+00,1.9681e+06,4.7686e+00
2.7000e+02,2.1290e+00,4.6900e+00,2.1828e+06,4.5920e+00
2.8000e+02,3.0520e+00,5.2580e+00,2.3598e+06,4.4280e+00
2.9000e+02,4.4260e+00,5.1600e+00,2.2359e+06,4.2753e+00
3.0000e+02,5.0550e+00,4.1300e+00,1.7300e+06,4.1328e+00
3.1000e+02,5.0740e+00,3.5520e+00,1.4399e+06,3.9995e+00
3.2000e+02,5.1020e+00,3.2590e+00,1.2798e+06,3.8745e+00
3.3000e+02,5.1790e+00,3.0720e+00,1.1698e+06,3.7571e+00
3.4000e+02,5.2930e+00,2.9490e+00,1.0899e+06,3.6466e+00
3.5000e+02,5.4830e+00,2.8970e+00,1.0401e+06,3.5424e+00
3.6000e+02,6.0140e+00,2.9220e+00,1.0200e+06,3.4440e+00
3.7000e+02,6.8630e+00,2.0520e+00,6.9692e+05,3.3509e+00
3.8000e+02,6.5480e+00,8.8600e-01,2.9299e+05,3.2627e+00
3.9000e+02,5.9760e+00,4.6550e-01,1.4999e+05,3.1791e+00
4.0000e+02,5.5870e+00,3.0300e-01,9.5190e+04,3.0996e+00
4.1000e+02,5.3050e+00,2.1990e-01,6.7399e+04,3.0240e+00
4.2000e+02,5.0910e+00,1.6710e-01,4.9996e+04,2.9520e+00
4.3000e+02,4.9250e+00,1.3410e-01,3.9190e+04,2.8834e+00
4.4000e+02,4.7930e+00,1.0890e-01,3.1102e+04,2.8178e+00
4.5000e+02,4.6760e+00,9.1300e-02,2.5501e+04,2.7552e+00
4.6000e+02,4.5770e+00,7.6900e-02,2.0999e+04,2.6953e+00
4.7000e+02,4.4910e+00,6.4300e-02,1.7200e+04,2.6380e+00
4.8000e+02,4.4160e+00,5.6500e-02,1.4800e+04,2.5830e+00
4.9000e+02,4.3480e+00,4.9500e-02,1.2700e+04,2.5303e+00
5.0000e+02,4.2930e+00,4.4200e-02,1.1101e+04,2.4797e+00
5.1000e+02,4.2390e+00,3.9400e-02,9.7007e+03,2.4311e+00
5.2000e+02,4.1920e+00,3.6400e-02,8.7989e+03,2.3843e+00
5.3000e+02,4.1500e+00,3.3100e-02,7.8504e+03,2.3393e+00
5.4000e+02,4.1100e+00,3.0300e-02,7.0511e+03,2.2960e+00
5.5000e+02,4.0770e+00,2.8000e-02,6.3906e+03,2.2543e+00
5.6000e+02,4.0440e+00,2.5800e-02,5.7805e+03,2.2140e+00
5.7000e+02,4.0150e+00,2.4100e-02,5.3198e+03,2.1752e+00
5.8000e+02,3.9860e+00,2.2500e-02,4.8792e+03,2.1377e+00
5.9000e+02,3.9620e+00,2.1100e-02,4.4898e+03,2.1014e+00
6.0000e+02,3.9390e+00,1.9800e-02,4.1406e+03,2.0664e+00
6.1000e+02,3.9160e+00,1.8500e-02,3.8091e+03,2.0325e+00
6.2000e+02,3.8950e+00,1.7400e-02,3.5206e+03,1.9997e+00
6.3000e+02,3.8790e+00,1.6400e-02,3.2693e+03,1.9680e+00
6.4000e+02,3.8610e+00,1.5500e-02,3.0395e+03,1.9373e+00
6.5000e+02,3.8440e+00,1.4500e-02,2.8091e+03,1.9074e+00
6.6000e+02,3.8300e+00,1.3600e-02,2.5799e+03,1.8785e+00
6.7000e+02,3.8150e+00,1.2700e-02,2.3801e+03,1.8505e+00
6.8000e+02,3.8000e+00,1.2000e-02,2.2102e+03,1.8233e+00
6.9000e+02,3.7870e+00,1.1300e-02,2.0507e+03,1.7969e+00
7.0000e+02,3.7740e+00,1.0600e-02,1.8993e+03,1.7712e+00
7.1000e+02,3.7620e+00,1.0000e-02,1.7699e+03,1.7463e+00
7.2000e+02,3.7510e+00,9.5100e-03,1.6600e+03,1.7220e+00
7.3000e+02,3.7410e+00,8.9500e-03,1.5400e+03,1.6984e+00
7.4000e+02,3.7320e+00,8.3600e-03,1.4200e+03,1.6755e+00
7.5000e+02,3.7230e+00,7.7600e-03,1.3000e+03,1.6531e+00
7.6000e+02,3.7140e+00,7.2000e-03,1.1900e+03,1.6314e+00
7.7000e+02,3.7050e+00,6.7400e-03,1.1000e+03,1.6102e+00
7.8000e+02,3.6960e+00,6.2700e-03,1.0100e+03,1.5895e+00
7.9000e+02,3.6880e+00,5.8300e-03,9.2800e+02,1.5694e+00
8.0000e+02,3.6810e+00,5.4100e-03,8.4996e+02,1.5498e+00
8.1000e+02,3.6740e+00,5.0000e-03,7.7493e+02,1.5307e+00
8.2000e+02,3.6680e+00,4.6100e-03,7.0693e+02,1.5120e+00
8.3000e+02,3.6620e+00,4.2700e-03,6.4694e+02,1.4938e+00
8.4000e+02,3.6560e+00,3.9500e-03,5.9107e+02,1.4760e+00
8.5000e+02,3.6500e+00,3.6200e-03,5.3503e+02,1.4586e+00
8.6000e+02,3.6440e+00,3.2900e-03,4.8001e+02,1.4417e+00
8.7000e+02,3.6380e+00,2.9900e-03,4.3202e+02,1.4251e+00
8.8000e+02,3.6320e+00,2.6800e-03,3.8299e+02,1.4089e+00
8.9000e+02,3.6260e+00,2.4300e-03,3.4296e+02,1.3931e+00
9.0000e+02,3.6200e+00,2.1900e-03,3.0606e+02,1.3776e+00
9.1000e+02,3.6140e+00,1.9700e-03,2.7204e+02,1.3625e+00
9.2000e+02,3.6080e+00,1.7600e-03,2.3999e+02,1.3477e+00
9.3000e+02,3.6020e+00,1.5500e-03,2.0998e+02,1.3332e+00
9.4000e+02,3.5970e+00,1.3700e-03,1.8301e+02,1.3190e+00
9.5000e+02,3.5920e+00,1.1900e-03,1.5701e+02,1.3051e+00
9.6000e+02,3.5870e+00,1.0200e-03,1.3404e+02,1.2915e+00
9.7000e+02,3.5820e+00,8.8000e-04,1.1400e+02,1.2782e+00
9.8000e+02,3.5780e+00,7.4800e-04,9.5902e+01,1.2651e+00
9.9000e+02,3.5740e+00,6.2400e-04,7.9206e+01,1.2524e+00
1.0000e+03,3.5700e+00,5.0900e-04,6.4001e+01,1.2398e+00
1.0100e+03,3.5660e+00,4.1100e-04,5.1099e+01,1.2276e+00
1.0200e+03,3.5630e+00,3.2400e-04,3.9904e+01,1.2155e+00
1.0300e+03,3.5600e+00,2.4800e-04,3.0196e+01,1.2037e+00
1.0400e+03,3.5570e+00,1.8700e-04,2.2595e+01,1.1922e+00
1.0500e+03,3.5540e+00,1.3600e-04,1.6300e+01,1.1808e+00
1.0600e+03,3.5510e+00,9.3600e-05,1.1100e+01,1.1697e+00
1.0700e+03,3.5480e+00,6.8100e-05,8.0002e+00,1.1587e+00
1.0800e+03,3.5460e+00,5.3300e-05,6.2006e+00,1.1480e+00
1.0900e+03,3.5440e+00,4.0800e-05,4.7003e+00,1.1375e+00
1.1000e+03,3.5410e+00,3.0600e-05,3.5003e+00,1.1271e+00
1.1100e+03,3.5390e+00,2.3900e-05,2.7001e+00,1.1170e+00
1.1200e+03,3.5370e+00,1.7800e-05,2.0005e+00,1.1070e+00
1.1300e+03,3.5340e+00,1.3500e-05,1.5002e+00,1.0972e+00
1.1400e+03,3.5320e+00,9.0700e-06,1.0000e+00,1.0876e+00
1.1500e+03,3.5300e+00,6.2200e-06,6.8000e-01,1.0781e+00
1.1600e+03,3.5280e+00,3.8800e-06,4.2000e-01,1.0688e+00
1.1700e+03,3.5260e+00,2.0500e-06,2.1997e-01,1.0597e+00
1.1800e+03,3.5240e+00,6.1000e-07,6.5000e-02,1.0507e+00
1.1900e+03,3.5220e+00,3.4100e-07,3.6000e-02,1.0419e+00
1.2000e+03,3.5200e+00,2.1000e-07,2.2000e-02,1.0332e+00
1.2100e+03,3.5280e+00,1.2500e-07,1.3000e-02,1.0247e+00
1.2200e+03,3.5160e+00,7.9600e-08,8.2000e-03,1.0163e+00
1.2300e+03,3.5150e+00,4.6000e-08,4.7000e-03,1.0080e+00
1.2400e+03,3.5130e+00,2.3700e-08,2.4000e-03,9.9987e-01
1.2500e+03,3.5110e+00,9.9500e-09,1.0000e-03,9.9187e-01
1.2600e+03,3.5100e+00,3.6100e-09,3.6000e-04,9.8400e-01
1.2700e+03,3.5080e+00,2.0200e-09,2.0000e-04,9.7625e-01
1.2800e+03,3.5070e+00,1.2200e-09,1.2000e-04,9.6863e-01
1.2900e+03,3.5060e+00,7.2900e-10,7.1000e-05,9.6112e-01
1.3000e+03,3.5040e+00,4.6600e-10,4.5000e-05,9.5372e-01
1.3100e+03,3.5030e+00,2.8200e-10,2.7000e-05,9.4644e-01
1.3200e+03,3.5010e+00,1.6800e-10,1.6000e-05,9.3927e-01
1.3300e+03,3.5000e+00,8.4700e-11,8.0000e-06,9.3221e-01
1.3400e+03,3.4980e+00,3.7300e-11,3.5000e-06,9.2526e-01
1.3500e+03,3.4970e+00,1.8300e-11,1.7000e-06,9.1840e-01
1.3600e+03,3.4960e+00,1.0800e-11,1.0000e-06,9.1165e-01
1.3700e+03,3.4950e+00,7.3000e-12,6.7000e-07,9.0499e-01
1.3800e+03,3.4930e+00,4.9400e-12,4.5000e-07,8.9844e-01
1.3900e+03,3.4920e+00,2.7700e-12,2.5000e-07,8.9197e-01
1.4000e+03,3.4910e+00,2.2300e-12,2.0000e-07,8.8560e-01
1.4100e+03,3.4900e+00,1.6800e-12,1.5000e-07,8.7932e-01
1.4200e+03,3.4890e+00,9.6100e-13,8.5000e-08,8.7313e-01
1.4300e+03,3.4880e+00,8.7600e-13,7.7000e-08,8.6702e-01
1.4400e+03,3.4870e+00,4.8100e-13,4.2000e-08,8.6100e-01
1.4500e+03,3.4860e+00,3.6900e-13,3.2000e-08,8.5506e-01
