energy,alpha,wavelength
9.753462230236724650e-01,2.421403421613443517e-04,1.271181396612615799e+03
9.793754347139504990e-01,2.837647964790288241e-04,1.265951676974822931e+03
9.831943999765867526e-01,3.869353688740116660e-04,1.261034413940515378e+03
9.869687805045090911e-01,5.597157745572390024e-04,1.256211947585922189e+03
9.910445728056038739e-01,9.635812694741762927e-04,1.251045621948297821e+03
9.950786703693622615e-01,1.941501546352587294e-03,1.245973821852553783e+03
9.990311857681782870e-01,3.506923114943011170e-03,1.241044315359113170e+03
1.003118954730460421e+00,4.394662714492134428e-03,1.235986986505722143e+03
1.007153992607555226e+00,6.248572261543659107e-03,1.231035157547337576e+03
1.011384415112317248e+00,7.338619038291887241e-03,1.225885979097654626e+03
1.015435450562110598e+00,1.140257156153173627e-02,1.220995360441411776e+03
1.019491207699008584e+00,1.272022788433970798e-02,1.216137976081613033e+03
1.023849579257202436e+00,1.618955643925908128e-02,1.210961062135290149e+03
1.028000627425750713e+00,2.008482729654099616e-02,1.206071222999931251e+03
1.032431820961133395e+00,2.493237630138638375e-02,1.200894769796858554e+03
1.036711156605956585e+00,3.107618207772487248e-02,1.195937717139204096e+03
1.040937433974393755e+00,4.095243526083017921e-02,1.191082127991345487e+03
1.045329100339161155e+00,5.077284050620674283e-02,1.186078119858904074e+03
1.049781136529149173e+00,7.016277451607816351e-02,1.181048059277682796e+03
1.054267776697243475e+00,1.478644015049687954e-01,1.176021881127948063e+03
1.058878218303404672e+00,2.563335778057085346e-01,1.170901386516966795e+03
1.067972079407427444e+00,4.799705229823437169e-01,1.160931074763684592e+03
