wavelength,alpha,n,k,C_n,C_ka,energy
2.5000e+02,1.8400e+06,1.6650e+00,3.6650e+00,2.9000e+00,nan,4.9594e+00
2.6000e+02,1.9700e+06,1.7570e+00,4.0840e+00,2.0000e+00,nan,4.7686e+00
2.7000e+02,2.1800e+06,2.0680e+00,4.6800e+00,0.0000e+00,nan,4.5920e+00
2.8000e+02,2.3700e+06,2.9590e+00,5.2870e+00,nan,nan,4.4280e+00
2.9000e+02,2.2900e+06,4.3560e+00,5.2860e+00,nan,8.0000e-01,4.2753e+00
3.0000e+02,1.7700e+06,4.9760e+00,4.2340e+00,nan,2.5000e+00,4.1328e+00
3.1000e+02,1.4600e+06,5.1210e+00,3.5980e+00,nan,3.2000e+00,3.9995e+00
3.2000e+02,1.3000e+06,5.1120e+00,3.3030e+00,nan,1.5000e+00,3.8745e+00
3.3000e+02,1.1800e+06,5.1950e+00,3.1000e+00,nan,7.0000e-01,3.7571e+00
3.4000e+02,1.1000e+06,5.3010e+00,2.9770e+00,nan,3.0000e-01,3.6466e+00
3.5000e+02,1.0600e+06,5.4940e+00,2.9380e+00,nan,0.0000e+00,3.5424e+00
3.6000e+02,1.0400e+06,6.0260e+00,2.9660e+00,nan,nan,3.4440e+00
3.7000e+02,7.3700e+05,6.8910e+00,2.1710e+00,nan,4.2000e+00,3.3509e+00
3.8000e+02,3.1300e+05,6.6160e+00,9.4600e-01,nan,9.1000e+00,3.2627e+00
3.9000e+02,1.4300e+05,6.0390e+00,4.4500e-01,1.0000e+00,2.6000e+01,3.1791e+00
4.0000e+02,9.3000e+04,5.6130e+00,2.9600e-01,2.1000e+00,3.3000e+01,3.0996e+00
4.1000e+02,6.9500e+04,5.3300e+00,2.2700e-01,2.1000e+00,3.1000e+01,3.0240e+00
4.2000e+02,5.2700e+04,5.1190e+00,1.7600e-01,1.9000e+00,2.9000e+01,2.9520e+00
4.3000e+02,4.0200e+04,4.9490e+00,1.3800e-01,1.8000e+00,2.9000e+01,2.8834e+00
4.4000e+02,3.0700e+04,4.8120e+00,1.0700e-01,1.7000e+00,2.8000e+01,2.8178e+00
4.5000e+02,2.4100e+04,4.6910e+00,8.6000e-02,1.6000e+00,2.8000e+01,2.7552e+00
4.6000e+02,1.9500e+04,4.5870e+00,7.1000e-02,1.6000e+00,2.9000e+01,2.6953e+00
4.7000e+02,1.6600e+04,4.4970e+00,6.2000e-02,1.5000e+00,2.9000e+01,2.6380e+00
4.8000e+02,1.4400e+04,4.4190e+00,5.5000e-02,1.4000e+00,3.0000e+01,2.5830e+00
4.9000e+02,1.2600e+04,4.3500e+00,4.9000e-02,1.4000e+00,3.0000e+01,2.5303e+00
5.0000e+02,1.1100e+04,4.2940e+00,4.4000e-02,1.3000e+00,3.1000e+01,2.4797e+00
5.1000e+02,9.7000e+03,4.2410e+00,3.9000e-02,1.3000e+00,3.1000e+01,2.4311e+00
5.2000e+02,8.8000e+03,4.1930e+00,3.6000e-02,1.2000e+00,3.2000e+01,2.3843e+00
5.3000e+02,7.8500e+03,4.1510e+00,3.3000e-02,1.2000e+00,3.3000e+01,2.3393e+00
5.4000e+02,7.0500e+03,4.1120e+00,3.0000e-02,1.2000e+00,3.3000e+01,2.2960e+00
5.5000e+02,6.3900e+03,4.0770e+00,2.8000e-02,1.1000e+00,3.3000e+01,2.2543e+00
5.6000e+02,5.7800e+03,4.0450e+00,2.6000e-02,1.1000e+00,3.4000e+01,2.2140e+00
5.7000e+02,5.3200e+03,4.0150e+00,2.4000e-02,1.1000e+00,3.4000e+01,2.1752e+00
5.8000e+02,4.8800e+03,3.9880e+00,2.3000e-02,1.1000e+00,3.4000e+01,2.1377e+00
5.9000e+02,4.4900e+03,3.9630e+00,2.1000e-02,1.0000e+00,3.4000e+01,2.1014e+00
6.0000e+02,4.1750e+03,3.9400e+00,2.0000e-02,1.0000e+00,3.4000e+01,2.0664e+00
6.1000e+02,3.8000e+03,3.9180e+00,1.8000e-02,1.0000e+00,3.5000e+01,2.0325e+00
6.2000e+02,3.5200e+03,3.8980e+00,1.7000e-02,1.0000e+00,3.5000e+01,1.9997e+00
6.3000e+02,3.2800e+03,3.8790e+00,1.6000e-02,1.0000e+00,3.5000e+01,1.9680e+00
6.4000e+02,3.0300e+03,3.8610e+00,1.5000e-02,1.0000e+00,3.5000e+01,1.9373e+00
6.5000e+02,2.7900e+03,3.8440e+00,1.4000e-02,9.0000e-01,3.5000e+01,1.9074e+00
6.6000e+02,2.5700e+03,3.8280e+00,1.3000e-02,9.0000e-01,3.5000e+01,1.8785e+00
6.7000e+02,2.3900e+03,3.8130e+00,1.3000e-02,9.0000e-01,3.6000e+01,1.8505e+00
6.8000e+02,2.2000e+03,3.7980e+00,1.2000e-02,9.0000e-01,3.6000e+01,1.8233e+00
6.9000e+02,2.0400e+03,3.7840e+00,1.1000e-02,9.0000e-01,3.6000e+01,1.7969e+00
7.0000e+02,1.8900e+03,3.7720e+00,1.1000e-02,9.0000e-01,3.7000e+01,1.7712e+00
7.1000e+02,1.7800e+03,3.7590e+00,1.0000e-02,9.0000e-01,3.7000e+01,1.7463e+00
7.2000e+02,1.6800e+03,3.7480e+00,1.0000e-02,9.0000e-01,3.7000e+01,1.7220e+00
7.3000e+02,1.5400e+03,3.7370e+00,9.0000e-03,8.0000e-01,3.7000e+01,1.6984e+00
7.4000e+02,1.4200e+03,3.7270e+00,8.0000e-03,8.0000e-01,3.7000e+01,1.6755e+00
7.5000e+02,1.3100e+03,3.7170e+00,8.0000e-03,8.0000e-01,3.7000e+01,1.6531e+00
7.6000e+02,1.1900e+03,3.7080e+00,7.0000e-03,8.0000e-01,3.7000e+01,1.6314e+00
7.7000e+02,1.1000e+03,3.6990e+00,7.0000e-03,8.0000e-01,3.7000e+01,1.6102e+00
7.8000e+02,1.0300e+03,3.6910e+00,6.0000e-03,8.0000e-01,3.7000e+01,1.5895e+00
7.9000e+02,9.2800e+02,3.6830e+00,6.0000e-03,8.0000e-01,3.8000e+01,1.5694e+00
8.0000e+02,8.5000e+02,3.6750e+00,5.0000e-03,8.0000e-01,4.0000e+01,1.5498e+00
8.1000e+02,7.7500e+02,3.6680e+00,5.0000e-03,8.0000e-01,4.1000e+01,1.5307e+00
8.2000e+02,7.0700e+02,3.6610e+00,5.0000e-03,8.0000e-01,4.2000e+01,1.5120e+00
8.3000e+02,6.4700e+02,3.6540e+00,4.0000e-03,7.0000e-01,4.4000e+01,1.4938e+00
8.4000e+02,5.9000e+02,3.6470e+00,4.0000e-03,7.0000e-01,4.5000e+01,1.4760e+00
8.5000e+02,5.3400e+02,3.6410e+00,4.0000e-03,7.0000e-01,4.6000e+01,1.4586e+00
8.6000e+02,4.7900e+02,3.6350e+00,3.0000e-03,7.0000e-01,4.7000e+01,1.4417e+00
8.7000e+02,4.3100e+02,3.6300e+00,3.0000e-03,7.0000e-01,4.9000e+01,1.4251e+00
8.8000e+02,3.8300e+02,3.6240e+00,3.0000e-03,7.0000e-01,5.1000e+01,1.4089e+00
8.9000e+02,3.4300e+02,3.6190e+00,2.0000e-03,7.0000e-01,5.2000e+01,1.3931e+00
9.0000e+02,3.0300e+02,3.6140e+00,2.0000e-03,7.0000e-01,5.4000e+01,1.3776e+00
9.1000e+02,2.7100e+02,3.6090e+00,2.0000e-03,7.0000e-01,5.6000e+01,1.3625e+00
9.2000e+02,2.4000e+02,3.6040e+00,2.0000e-03,7.0000e-01,5.7000e+01,1.3477e+00
9.3000e+02,2.0900e+02,3.6000e+00,2.0000e-03,7.0000e-01,5.9000e+01,1.3332e+00
9.4000e+02,1.8300e+02,3.5950e+00,1.0000e-03,7.0000e-01,6.2000e+01,1.3190e+00
9.5000e+02,1.5600e+02,3.5910e+00,1.0000e-03,7.0000e-01,6.5000e+01,1.3051e+00
9.6000e+02,1.3400e+02,3.5870e+00,1.0000e-03,7.0000e-01,6.9000e+01,1.2915e+00
9.7000e+02,1.1300e+02,3.5830e+00,1.0000e-03,7.0000e-01,7.3000e+01,1.2782e+00
9.8000e+02,9.6000e+01,3.5790e+00,1.0000e-03,7.0000e-01,7.8000e+01,1.2651e+00
9.9000e+02,7.9000e+01,3.5750e+00,1.0000e-03,7.0000e-01,8.3000e+01,1.2524e+00
1.0000e+03,6.4000e+01,3.5720e+00,1.0000e-03,7.0000e-01,9.0000e+01,1.2398e+00
1.0100e+03,5.1100e+01,3.5680e+00,nan,7.0000e-01,9.7000e+01,1.2276e+00
1.0200e+03,3.9900e+01,3.5650e+00,nan,7.0000e-01,1.0500e+02,1.2155e+00
1.0300e+03,3.0200e+01,3.5620e+00,nan,7.0000e-01,1.1200e+02,1.2037e+00
1.0400e+03,2.2600e+01,3.5590e+00,nan,6.0000e-01,1.2000e+02,1.1922e+00
1.0500e+03,1.6300e+01,3.5560e+00,nan,6.0000e-01,1.3500e+02,1.1808e+00
1.0600e+03,1.1100e+01,3.5530e+00,nan,6.0000e-01,1.4500e+02,1.1697e+00
1.0700e+03,8.0000e+00,3.5500e+00,nan,6.0000e-01,1.5500e+02,1.1587e+00
1.0800e+03,6.2000e+00,3.5470e+00,nan,6.0000e-01,1.6000e+02,1.1480e+00
1.0900e+03,4.7000e+00,3.5450e+00,nan,6.0000e-01,1.6500e+02,1.1375e+00
1.1000e+03,3.5000e+00,3.5420e+00,nan,6.0000e-01,1.7500e+02,1.1271e+00
1.1100e+03,2.7000e+00,3.5400e+00,nan,6.0000e-01,1.8000e+02,1.1170e+00
1.1200e+03,2.0000e+00,3.5370e+00,nan,6.0000e-01,1.8500e+02,1.1070e+00
1.1300e+03,1.5000e+00,3.5350e+00,nan,6.0000e-01,1.9000e+02,1.0972e+00
1.1400e+03,1.0000e+00,3.5320e+00,nan,6.0000e-01,2.0000e+02,1.0876e+00
1.1500e+03,6.8000e-01,3.5300e+00,nan,6.0000e-01,2.1000e+02,1.0781e+00
1.1600e+03,4.2000e-01,3.5280e+00,nan,6.0000e-01,2.3000e+02,1.0688e+00
1.1700e+03,2.2000e-01,3.5260e+00,nan,6.0000e-01,2.6000e+02,1.0597e+00
1.1800e+03,6.5000e-02,3.5240e+00,nan,6.0000e-01,3.2000e+02,1.0507e+00
1.1900e+03,3.6000e-02,3.5220e+00,nan,6.0000e-01,3.4500e+02,1.0419e+00
1.2000e+03,2.2000e-02,3.5200e+00,nan,6.0000e-01,3.5500e+02,1.0332e+00
1.2100e+03,1.3000e-02,3.5180e+00,nan,6.0000e-01,3.8000e+02,1.0247e+00
1.2200e+03,8.2000e-03,3.5170e+00,nan,6.0000e-01,3.9000e+02,1.0163e+00
1.2300e+03,4.7000e-03,3.5150e+00,nan,6.0000e-01,4.0500e+02,1.0080e+00
1.2400e+03,2.4000e-03,3.5130e+00,nan,6.0000e-01,4.1000e+02,9.9987e-01
1.2500e+03,1.0000e-03,3.5110e+00,nan,6.0000e-01,4.3000e+02,9.9187e-01
1.2600e+03,3.6000e-04,3.5090e+00,nan,6.0000e-01,4.4000e+02,9.8400e-01
1.2700e+03,2.0000e-04,3.5080e+00,nan,6.0000e-01,4.5500e+02,9.7625e-01
1.2800e+03,1.2000e-04,3.5060e+00,nan,6.0000e-01,4.7000e+02,9.6863e-01
1.2900e+03,7.1000e-05,3.5050e+00,nan,6.0000e-01,5.0000e+02,9.6112e-01
1.3000e+03,4.5000e-05,3.5030e+00,nan,6.0000e-01,5.2500e+02,9.5372e-01
1.3100e+03,2.7000e-05,3.5020e+00,nan,6.0000e-01,5.5000e+02,9.4644e-01
1.3200e+03,1.6000e-05,3.5000e+00,nan,6.0000e-01,5.8000e+02,9.3927e-01
1.3300e+03,8.0000e-06,3.4990e+00,nan,6.0000e-01,6.1000e+02,9.3221e-01
1.3400e+03,3.5000e-06,3.4970e+00,nan,6.0000e-01,6.5000e+02,9.2526e-01
1.3500e+03,1.7000e-06,3.4960e+00,nan,6.0000e-01,6.7000e+02,9.1840e-01
1.3600e+03,9.5000e-07,3.4950e+00,nan,6.0000e-01,6.7500e+02,9.1165e-01
1.3700e+03,6.0000e-07,3.4940e+00,nan,6.0000e-01,6.8000e+02,9.0499e-01
1.3800e+03,3.8000e-07,3.4920e+00,nan,6.0000e-01,6.8500e+02,8.9844e-01
1.3900e+03,2.3000e-07,3.4910e+00,nan,6.0000e-01,6.9000e+02,8.9197e-01
1.4000e+03,1.4000e-07,3.4900e+00,nan,6.0000e-01,7.0000e+02,8.8560e-01
1.4100e+03,8.5000e-08,3.4890e+00,nan,6.0000e-01,7.1000e+02,8.7932e-01
1.4200e+03,5.0000e-08,3.4880e+00,nan,6.0000e-01,7.2000e+02,8.7313e-01
1.4300e+03,2.5000e-08,3.4870e+00,nan,6.0000e-01,7.3000e+02,8.6702e-01
1.4400e+03,1.8000e-08,3.4860e+00,nan,6.0000e-01,7.4000e+02,8.6100e-01
1.4500e+03,1.2000e-08,3.4850e+00,nan,6.0000e-01,7.5000e+02,8.5506e-01
