wavelength,alpha_78K,alpha_90K,alpha_112K,alpha_170K,alpha_195K,alpha_249K,alpha_270K,alpha_280K,alpha_290K,alpha_291K,alpha_297K,alpha_300K,alpha_310K,alpha_320K,alpha_330K,alpha_340K,alpha_350K,alpha_363K,energy
9.9000e+02,nan,2.3424e+01,2.9414e+01,4.5048e+01,5.3988e+01,5.6983e+01,5.9693e+01,6.0498e+01,6.2500e+01,7.6946e+01,8.1608e+01,9.6561e+01,1.0647e+02,1.2220e+02,1.2528e+02,1.6831e+02,nan,nan,1.2524e+00
9.9500e+02,nan,1.9264e+01,2.4955e+01,4.0446e+01,4.8627e+01,5.1381e+01,5.4180e+01,5.5068e+01,5.7010e+01,6.8492e+01,7.1226e+01,8.2653e+01,8.9767e+01,1.0130e+02,1.1214e+02,1.4019e+02,nan,nan,1.2461e+00
1.0000e+03,1.2682e+01,1.6170e+01,2.1846e+01,3.6281e+01,4.3853e+01,4.6617e+01,4.9858e+01,4.9918e+01,5.2280e+01,6.1623e+01,6.4469e+01,7.3032e+01,8.0318e+01,8.9230e+01,1.0164e+02,1.2353e+02,nan,nan,1.2398e+00
1.0050e+03,8.2187e+00,1.3555e+01,1.8308e+01,3.2689e+01,3.9618e+01,4.2555e+01,4.5345e+01,4.5921e+01,4.8056e+01,5.5783e+01,5.8649e+01,6.6041e+01,7.2655e+01,8.1208e+01,9.1747e+01,1.1147e+02,nan,nan,1.2337e+00
1.0100e+03,6.0212e+00,1.1235e+01,1.5617e+01,2.9120e+01,3.5704e+01,3.8439e+01,4.1444e+01,4.1782e+01,4.3751e+01,5.0405e+01,5.3880e+01,5.9833e+01,6.6181e+01,7.3984e+01,8.4534e+01,1.0165e+02,nan,nan,1.2276e+00
1.0150e+03,4.1351e+00,9.1721e+00,1.3211e+01,2.5857e+01,3.2116e+01,3.4693e+01,3.7896e+01,3.8007e+01,4.0222e+01,4.5467e+01,4.9363e+01,5.4525e+01,6.0612e+01,6.7926e+01,7.8246e+01,9.3953e+01,nan,nan,1.2215e+00
1.0200e+03,2.7020e+00,2.9242e+00,7.3270e+00,1.0991e+01,2.2849e+01,2.8651e+01,3.1378e+01,3.4506e+01,3.4566e+01,3.6479e+01,3.9374e+01,4.5099e+01,4.9578e+01,5.5489e+01,6.2362e+01,7.1407e+01,8.7331e+01,nan,1.2155e+00
1.0250e+03,1.4764e+00,1.9206e+00,5.8151e+00,9.0746e+00,1.9917e+01,2.5366e+01,2.7978e+01,3.0973e+01,3.1077e+01,3.3074e+01,3.5211e+01,3.9583e+01,4.3011e+01,4.8608e+01,5.4437e+01,6.6082e+01,7.8933e+01,nan,1.2096e+00
1.0300e+03,8.2024e-01,1.1239e+00,4.4867e+00,7.4000e+00,1.6684e+01,2.1625e+01,2.3959e+01,2.6766e+01,2.6942e+01,2.8791e+01,3.1372e+01,3.5511e+01,3.8770e+01,4.4027e+01,4.9441e+01,6.0254e+01,7.2495e+01,nan,1.2037e+00
1.0350e+03,5.4517e-01,7.9171e-01,3.2658e+00,5.8282e+00,1.4159e+01,1.8711e+01,2.0911e+01,2.3537e+01,2.3724e+01,2.5451e+01,2.7547e+01,3.1621e+01,3.4677e+01,3.9654e+01,4.4779e+01,5.3836e+01,6.5115e+01,nan,1.1979e+00
1.0400e+03,3.8591e-01,5.9620e-01,2.4461e+00,4.4279e+00,1.1937e+01,1.6019e+01,1.8067e+01,2.0453e+01,2.0667e+01,2.2229e+01,2.3849e+01,2.7717e+01,3.0534e+01,3.5144e+01,3.9912e+01,4.7782e+01,5.7272e+01,nan,1.1922e+00
1.0450e+03,2.5687e-01,2.7378e-01,4.4700e-01,1.9959e+00,3.5021e+00,9.8513e+00,1.3543e+01,1.5401e+01,1.7579e+01,1.7790e+01,1.9205e+01,2.0364e+01,2.3997e+01,2.6593e+01,3.0778e+01,3.5080e+01,4.0513e+01,4.8776e+01,1.1865e+00
1.0500e+03,1.5297e-01,1.8935e-01,3.3158e-01,1.6541e+00,2.9290e+00,7.9849e+00,1.1328e+01,1.3001e+01,1.4969e+01,1.5151e+01,1.6439e+01,1.7261e+01,2.0562e+01,2.2904e+01,2.6663e+01,3.0517e+01,3.5118e+01,4.2266e+01,1.1808e+00
1.0550e+03,8.7054e-02,1.2768e-01,2.4778e-01,1.3642e+00,2.4654e+00,6.6022e+00,9.3301e+00,1.0824e+01,1.2558e+01,1.2759e+01,1.3914e+01,1.4509e+01,1.7455e+01,1.9567e+01,2.2793e+01,2.6326e+01,3.0298e+01,3.6493e+01,1.1752e+00
1.0600e+03,4.6366e-02,7.9860e-02,1.8003e-01,1.1277e+00,2.0737e+00,5.6310e+00,7.7897e+00,8.9929e+00,1.0455e+01,1.0612e+01,1.1625e+01,1.2073e+01,1.4659e+01,1.6575e+01,1.9341e+01,2.2514e+01,2.5935e+01,3.1329e+01,1.1697e+00
1.0650e+03,2.9304e-02,5.3773e-02,1.2977e-01,9.2799e-01,1.7404e+00,4.8438e+00,6.6804e+00,7.6522e+00,8.8310e+00,8.9361e+00,9.7400e+00,1.0100e+01,1.2222e+01,1.3908e+01,1.6335e+01,1.9087e+01,2.2093e+01,2.6833e+01,1.1642e+00
1.0700e+03,2.0289e-02,3.8673e-02,9.9190e-02,7.5824e-01,1.4564e+00,4.1595e+00,5.7610e+00,6.6206e+00,7.5920e+00,7.6886e+00,8.3584e+00,8.6634e+00,1.0325e+01,1.1694e+01,1.3721e+01,1.6056e+01,1.8663e+01,2.2741e+01,1.1587e+00
1.0750e+03,1.3040e-02,2.7193e-02,7.6143e-02,6.2398e-01,1.2129e+00,3.5666e+00,4.9572e+00,5.7200e+00,6.5643e+00,6.6612e+00,7.2353e+00,7.5214e+00,8.8636e+00,1.0017e+01,1.1658e+01,1.3551e+01,1.5703e+01,1.9129e+01,1.1533e+00
1.0800e+03,7.9292e-03,1.8531e-02,5.7448e-02,5.0930e-01,9.9874e-01,3.0519e+00,4.2709e+00,4.9219e+00,5.6751e+00,5.7666e+00,6.2688e+00,6.5407e+00,7.6468e+00,8.6625e+00,1.0059e+01,1.1622e+01,1.3367e+01,1.6251e+01,1.1480e+00
1.0850e+03,5.0508e-03,1.2979e-02,4.2997e-02,4.2167e-01,8.4069e-01,2.6033e+00,3.6734e+00,4.2527e+00,4.8974e+00,4.9826e+00,5.4284e+00,5.6905e+00,6.6087e+00,7.5223e+00,8.7260e+00,1.0065e+01,1.1576e+01,1.3931e+01,1.1427e+00
1.0900e+03,3.0930e-03,8.7047e-03,3.2231e-02,3.4570e-01,7.0280e-01,2.2158e+00,3.1410e+00,3.6490e+00,4.2271e+00,4.2905e+00,4.6816e+00,4.9196e+00,5.6955e+00,6.5129e+00,7.5527e+00,8.7158e+00,1.0039e+01,1.2089e+01,1.1375e+00
1.0950e+03,1.5747e-03,5.4880e-03,2.3982e-02,2.8405e-01,5.8653e-01,1.8956e+00,2.6865e+00,3.1303e+00,3.6472e+00,3.7033e+00,4.0413e+00,4.2496e+00,4.9185e+00,5.6498e+00,6.5541e+00,7.5689e+00,8.7308e+00,1.0550e+01,1.1323e+00
1.1000e+03,1.0591e-03,3.8195e-03,1.7667e-02,2.3227e-01,4.8763e-01,1.6155e+00,2.3085e+00,2.6920e+00,3.1427e+00,3.1918e+00,3.4882e+00,3.6615e+00,4.2434e+00,4.8993e+00,5.6910e+00,6.5792e+00,7.6061e+00,9.1849e+00,1.1271e+00
1.1050e+03,8.0128e-04,2.9486e-03,1.3808e-02,1.8720e-01,4.0322e-01,1.3736e+00,1.9783e+00,2.3161e+00,2.7059e+00,2.7489e+00,3.0129e+00,3.1586e+00,3.6624e+00,4.2452e+00,4.9346e+00,5.7198e+00,6.6343e+00,8.0294e+00,1.1220e+00
1.1100e+03,6.2407e-04,2.2584e-03,1.0809e-02,1.5013e-01,3.2905e-01,1.1605e+00,1.6862e+00,1.9875e+00,2.3290e+00,2.3651e+00,2.5959e+00,2.7182e+00,3.1645e+00,3.6793e+00,4.2758e+00,4.9685e+00,5.7726e+00,7.0073e+00,1.1170e+00
1.1150e+03,4.4490e-04,1.6755e-03,8.2165e-03,1.2025e-01,2.6603e-01,9.7468e-01,1.4286e+00,1.6902e+00,1.9876e+00,2.0208e+00,2.2259e+00,2.3236e+00,2.7207e+00,3.1787e+00,3.6957e+00,4.3010e+00,5.0193e+00,6.1042e+00,1.1120e+00
1.1200e+03,3.1433e-04,1.1860e-03,5.9905e-03,9.4425e-02,2.1398e-01,8.0619e-01,1.1977e+00,1.4260e+00,1.6845e+00,1.7157e+00,1.8892e+00,1.9680e+00,2.3210e+00,2.7248e+00,3.1752e+00,3.7058e+00,4.3539e+00,5.3142e+00,1.1070e+00
1.1250e+03,2.0483e-04,7.9274e-04,4.1618e-03,7.2125e-02,1.6889e-01,6.6091e-01,9.9869e-01,1.1996e+00,1.4242e+00,1.4509e+00,1.6057e+00,1.6631e+00,1.9785e+00,2.3346e+00,2.7256e+00,3.1945e+00,3.7711e+00,4.6227e+00,1.1021e+00
1.1300e+03,9.9799e-05,4.4553e-04,2.6595e-03,5.3290e-02,1.2993e-01,5.4294e-01,8.3027e-01,1.0044e+00,1.2034e+00,1.2275e+00,1.3634e+00,1.4074e+00,1.6911e+00,2.0066e+00,2.3502e+00,2.7691e+00,3.2655e+00,4.0242e+00,1.0972e+00
1.1350e+03,1.3905e-05,1.2136e-04,1.2049e-03,3.7234e-02,9.5919e-02,4.3448e-01,6.7633e-01,8.2312e-01,9.9294e-01,1.0131e+00,1.1337e+00,1.1643e+00,1.4169e+00,1.6931e+00,1.9908e+00,2.3588e+00,2.7902e+00,3.4597e+00,1.0924e+00
1.1400e+03,1.2241e-06,1.5806e-05,2.4671e-04,2.3793e-02,6.8125e-02,3.4495e-01,5.5149e-01,6.7992e-01,8.2693e-01,8.4140e-01,9.4555e-01,9.6716e-01,1.1930e+00,1.4376e+00,1.6998e+00,2.0259e+00,2.3998e+00,2.9945e+00,1.0876e+00
1.1450e+03,4.1142e-07,3.7184e-06,5.2703e-05,1.1276e-02,4.3922e-02,2.6293e-01,4.3484e-01,5.4432e-01,6.6842e-01,6.8460e-01,7.7235e-01,7.8637e-01,9.8313e-01,1.1933e+00,1.4182e+00,1.7032e+00,2.0290e+00,2.5586e+00,1.0828e+00
1.1500e+03,1.8609e-07,1.5444e-06,2.1478e-05,3.3626e-03,2.1907e-02,1.9376e-01,3.3469e-01,4.2677e-01,5.3266e-01,5.4553e-01,6.2118e-01,6.3130e-01,8.0262e-01,9.8563e-01,1.1767e+00,1.4237e+00,1.7013e+00,2.1663e+00,1.0781e+00
1.1550e+03,8.3755e-08,7.4181e-07,1.1654e-05,1.3493e-03,7.9237e-03,1.3610e-01,2.5115e-01,3.2721e-01,4.1633e-01,4.2628e-01,4.9141e-01,4.9826e-01,6.4598e-01,8.0320e-01,9.6764e-01,1.1816e+00,1.4189e+00,1.8224e+00,1.0735e+00
1.1600e+03,3.5816e-08,3.6090e-07,6.6281e-06,7.9213e-04,3.5711e-03,8.5711e-02,1.7963e-01,2.4141e-01,3.1457e-01,3.2366e-01,3.7778e-01,3.8371e-01,5.0799e-01,6.4201e-01,7.8331e-01,9.6815e-01,1.1679e+00,1.5229e+00,1.0688e+00
1.1650e+03,1.6693e-08,1.8361e-07,3.8762e-06,5.2084e-04,2.2038e-03,4.3306e-02,1.1705e-01,1.6788e-01,2.2749e-01,2.3552e-01,2.7973e-01,2.8551e-01,3.8750e-01,4.9936e-01,6.1927e-01,7.7749e-01,9.4663e-01,1.2532e+00,1.0642e+00
1.1700e+03,9.9759e-09,1.1278e-07,2.4716e-06,3.5684e-04,1.5043e-03,2.0808e-02,6.3905e-02,1.0338e-01,1.5271e-01,1.5867e-01,1.9516e-01,2.0257e-01,2.8467e-01,3.7669e-01,4.7685e-01,6.0990e-01,7.5340e-01,1.0162e+00,1.0597e+00
1.1750e+03,6.4856e-09,7.5894e-08,1.7235e-06,2.4857e-04,1.0626e-03,1.2385e-02,3.2081e-02,5.3867e-02,8.8369e-02,9.3065e-02,1.2157e-01,1.3087e-01,1.9628e-01,2.7190e-01,3.5482e-01,4.6568e-01,5.8451e-01,8.0657e-01,1.0552e+00
1.1800e+03,4.2055e-09,5.0855e-08,1.2138e-06,1.7896e-04,7.6261e-04,8.5210e-03,1.9347e-02,2.9715e-02,4.6978e-02,4.9343e-02,6.6128e-02,7.3892e-02,1.2081e-01,1.8178e-01,2.5077e-01,3.4229e-01,4.4067e-01,6.2818e-01,1.0507e+00
1.1850e+03,2.5691e-09,3.2846e-08,8.3167e-07,1.3176e-04,5.6009e-04,6.1342e-03,1.3387e-02,1.9599e-02,2.8793e-02,3.0024e-02,3.8401e-02,4.2477e-02,6.8178e-02,1.0858e-01,1.6238e-01,2.3723e-01,3.1843e-01,4.7481e-01,1.0463e+00
1.1900e+03,1.5554e-09,2.0549e-08,5.5092e-07,9.6621e-05,4.1771e-04,4.5433e-03,9.8097e-03,1.4110e-02,2.0068e-02,2.0924e-02,2.5937e-02,2.8211e-02,4.2239e-02,6.3876e-02,9.6205e-02,1.4973e-01,2.1411e-01,3.4261e-01,1.0419e+00
1.1950e+03,8.4965e-10,1.2146e-08,3.4881e-07,6.9114e-05,3.1045e-04,3.3753e-03,7.3160e-03,1.0481e-02,1.4796e-02,1.5360e-02,1.8884e-02,2.0376e-02,2.9389e-02,4.2179e-02,5.9888e-02,9.0597e-02,1.3155e-01,2.3041e-01,1.0375e+00
1.2000e+03,3.6658e-10,6.0001e-09,2.0213e-07,4.8076e-05,2.2516e-04,2.5450e-03,5.7480e-03,8.2768e-03,1.1083e-02,1.1554e-02,1.4174e-02,1.5243e-02,2.1664e-02,3.0355e-02,4.1513e-02,5.9672e-02,8.2011e-02,1.4429e-01,1.0332e+00
1.2050e+03,7.4508e-11,1.9094e-09,9.1953e-08,3.2094e-05,1.5927e-04,2.0162e-03,4.3803e-03,6.3214e-03,8.8110e-03,9.1713e-03,1.0690e-02,1.1534e-02,1.6357e-02,2.2711e-02,3.0589e-02,4.2851e-02,5.8406e-02,9.3135e-02,1.0289e+00
1.2100e+03,1.3336e-11,3.6561e-10,2.6609e-08,1.9841e-05,1.0803e-04,1.5172e-03,3.3508e-03,4.8421e-03,6.7562e-03,7.0410e-03,8.5460e-03,8.7878e-03,1.3011e-02,1.7257e-02,2.3145e-02,3.2160e-02,4.3911e-02,6.8029e-02,1.0247e+00
1.2150e+03,5.0822e-12,1.0393e-10,7.0707e-09,1.0478e-05,6.9314e-05,1.1181e-03,2.5428e-03,3.7214e-03,5.2236e-03,5.4207e-03,6.6334e-03,6.7407e-03,1.0033e-02,1.3874e-02,1.8522e-02,2.5718e-02,3.3660e-02,5.1683e-02,1.0204e+00
1.2200e+03,2.3785e-12,4.7283e-11,3.1187e-09,4.2843e-06,3.9274e-05,8.0415e-04,1.8929e-03,2.8139e-03,3.9825e-03,4.1509e-03,5.0918e-03,5.4174e-03,7.7639e-03,1.0792e-02,1.4362e-02,1.9995e-02,2.6103e-02,4.0084e-02,1.0163e+00
1.2250e+03,1.2311e-12,2.2648e-11,1.6606e-09,1.8373e-06,1.8342e-05,5.5991e-04,1.3833e-03,2.0961e-03,3.0123e-03,3.1410e-03,3.8910e-03,4.1495e-03,5.9745e-03,8.3453e-03,1.1154e-02,1.5545e-02,2.0533e-02,3.1283e-02,1.0121e+00
1.2300e+03,6.0260e-13,1.2077e-11,9.7650e-10,1.0633e-06,8.5992e-06,3.6978e-04,9.8216e-04,1.5263e-03,2.2273e-03,2.3346e-03,2.9137e-03,3.1143e-03,4.5619e-03,6.4526e-03,8.6825e-03,1.2142e-02,1.6145e-02,2.4481e-02,1.0080e+00
1.2350e+03,2.8901e-13,6.3542e-12,5.9688e-10,6.7942e-07,5.1214e-06,2.2251e-04,6.7005e-04,1.0715e-03,1.6179e-03,1.6982e-03,2.1425e-03,2.2916e-03,3.4184e-03,4.9300e-03,6.6957e-03,9.4614e-03,1.2663e-02,1.9371e-02,1.0039e+00
1.2400e+03,1.6428e-13,3.6642e-12,3.6637e-10,4.7447e-07,3.5204e-06,1.2292e-04,4.2331e-04,7.2585e-04,1.1313e-03,1.1870e-03,1.5317e-03,1.6465e-03,2.5145e-03,3.6854e-03,5.0905e-03,7.3072e-03,1.0005e-02,1.5210e-02,9.9987e-01
1.2450e+03,9.3110e-14,2.2595e-12,2.4253e-10,3.3014e-07,2.4958e-06,6.9961e-05,2.4739e-04,4.5098e-04,7.4538e-04,7.8997e-04,1.0435e-03,1.1334e-03,1.8016e-03,2.7044e-03,3.8083e-03,5.5503e-03,7.7524e-03,1.1889e-02,9.9586e-01
1.2500e+03,5.5738e-14,1.4614e-12,1.6219e-10,2.3637e-07,1.8099e-06,4.6452e-05,1.4416e-04,2.6655e-04,4.6096e-04,4.9303e-04,6.6883e-04,7.4263e-04,1.2434e-03,1.9292e-03,2.7857e-03,4.1701e-03,5.8733e-03,9.2640e-03,9.9187e-01
1.2550e+03,3.3644e-14,9.2560e-13,1.1390e-10,1.7505e-07,1.3518e-06,3.1670e-05,9.6282e-05,1.6672e-04,2.8223e-04,2.9583e-04,4.1232e-04,4.6233e-04,8.1040e-04,1.3156e-03,1.9827e-03,3.0455e-03,4.4592e-03,7.1451e-03,9.8792e-01
1.2600e+03,1.9866e-14,5.8889e-13,7.8577e-11,1.2898e-07,9.8423e-07,2.4893e-05,6.9764e-05,1.1385e-04,1.8251e-04,1.9558e-04,2.6340e-04,2.9055e-04,5.0738e-04,8.6372e-04,1.3456e-03,2.1610e-03,3.2479e-03,5.3266e-03,9.8400e-01
1.2650e+03,1.0825e-14,3.5602e-13,5.0052e-11,9.5170e-08,7.6393e-07,1.8985e-05,5.2869e-05,8.7056e-05,1.3105e-04,1.3902e-04,1.8387e-04,1.9856e-04,3.3460e-04,5.5636e-04,8.8356e-04,1.4569e-03,2.2966e-03,3.9008e-03,9.8011e-01
1.2700e+03,6.1984e-15,2.1787e-13,3.2208e-11,6.9738e-08,5.6641e-07,1.4628e-05,3.9431e-05,6.5579e-05,1.0175e-04,1.0737e-04,1.3458e-04,1.4421e-04,2.3776e-04,3.7518e-04,5.8252e-04,9.6654e-04,1.5406e-03,2.7379e-03,9.7625e-01
1.2750e+03,3.1847e-15,1.1995e-13,2.0402e-11,4.9493e-08,4.0726e-07,1.0970e-05,3.0474e-05,5.1108e-05,7.9734e-05,8.1781e-05,1.0487e-04,1.0830e-04,1.7741e-04,2.7457e-04,4.1060e-04,6.5396e-04,1.0411e-03,1.8467e-03,9.7243e-01
1.2800e+03,1.5155e-15,5.6903e-14,1.1424e-11,3.5636e-08,3.1612e-07,8.3777e-06,2.3477e-05,3.9254e-05,6.0887e-05,6.2009e-05,8.1777e-05,8.6493e-05,1.3883e-04,2.1495e-04,3.0365e-04,4.8446e-04,7.4240e-04,1.2808e-03,9.6863e-01
1.2850e+03,6.6497e-16,2.1684e-14,5.4943e-12,2.3965e-08,2.3626e-07,6.4618e-06,1.8196e-05,2.9699e-05,4.4794e-05,4.8028e-05,6.3080e-05,6.7696e-05,1.0822e-04,1.6507e-04,2.4034e-04,3.7787e-04,5.4976e-04,9.5656e-04,9.6486e-01
1.2900e+03,3.1310e-16,9.1744e-15,2.6958e-12,1.6430e-08,1.6734e-07,4.7127e-06,1.3969e-05,2.3203e-05,3.5441e-05,3.7257e-05,4.8676e-05,5.2610e-05,8.2827e-05,1.2818e-04,1.8848e-04,2.9376e-04,4.3471e-04,7.0566e-04,9.6112e-01
1.2950e+03,1.8241e-16,4.5497e-15,1.3120e-12,1.0183e-08,1.1366e-07,3.5754e-06,1.0859e-05,1.8076e-05,2.8353e-05,2.9885e-05,3.8039e-05,4.0588e-05,6.6447e-05,1.0107e-04,1.4860e-04,2.2127e-04,3.3101e-04,5.3573e-04,9.5741e-01
1.3000e+03,1.0223e-16,2.5115e-15,8.4478e-13,6.4028e-09,7.3264e-08,2.7184e-06,8.3518e-06,1.4031e-05,2.1776e-05,2.2820e-05,2.9496e-05,3.2059e-05,5.3488e-05,7.8802e-05,1.1764e-04,1.7742e-04,2.6427e-04,4.3326e-04,9.5372e-01
