wavelength,alpha,U,energy
2.5000e+02,1.8040e+06,2.6000e-01,4.9594e+00
2.6000e+02,1.9300e+06,2.8000e-01,4.7686e+00
2.7000e+02,2.1390e+06,2.7000e-01,4.5920e+00
2.8000e+02,2.3320e+06,2.8000e-01,4.4280e+00
2.9000e+02,2.3020e+06,1.8000e-01,4.2753e+00
3.0000e+02,1.7970e+06,1.9000e-01,4.1328e+00
3.1000e+02,1.4690e+06,2.0000e-01,3.9995e+00
3.2000e+02,1.2890e+06,2.5000e-01,3.8745e+00
3.3000e+02,1.1780e+06,3.2000e-01,3.7571e+00
3.4000e+02,1.0930e+06,3.0000e-01,3.6466e+00
3.5000e+02,1.0440e+06,4.3000e-01,3.5424e+00
3.6000e+02,1.0170e+06,6.6000e-01,3.4440e+00
3.7000e+02,7.2690e+05,1.1000e+00,3.3509e+00
3.8000e+02,3.2540e+05,1.7000e+00,3.2627e+00
3.9000e+02,1.6210e+05,2.4000e+00,3.1791e+00
4.0000e+02,1.0250e+05,3.0000e+00,3.0996e+00
4.1000e+02,7.3950e+04,3.7000e+00,3.0240e+00
4.2000e+02,5.2940e+04,4.3000e+00,2.9520e+00
4.3000e+02,4.0230e+04,5.0000e+00,2.8834e+00
4.4000e+02,3.1990e+04,5.5000e+00,2.8178e+00
4.5000e+02,2.6630e+04,6.1000e+00,2.7552e+00
4.6000e+02,2.1610e+04,6.8000e+00,2.6953e+00
4.7000e+02,1.8780e+04,7.5000e+00,2.6380e+00
4.8000e+02,1.5660e+04,7.8000e+00,2.5830e+00
4.9000e+02,1.3800e+04,8.0000e+00,2.5303e+00
5.0000e+02,1.2200e+04,8.3000e+00,2.4797e+00
5.1000e+02,1.0800e+04,8.9000e+00,2.4311e+00
5.2000e+02,9.5530e+03,9.3000e+00,2.3843e+00
5.3000e+02,8.2520e+03,1.1000e+01,2.3393e+00
5.4000e+02,6.9570e+03,1.2000e+01,2.2960e+00
5.5000e+02,6.4060e+03,1.1000e+01,2.2543e+00
5.6000e+02,5.9580e+03,1.1000e+01,2.2140e+00
5.7000e+02,5.2350e+03,1.0000e+01,2.1752e+00
5.8000e+02,4.7440e+03,1.0000e+01,2.1377e+00
5.9000e+02,4.2760e+03,1.1000e+01,2.1014e+00
6.0000e+02,3.8790e+03,1.1000e+01,2.0664e+00
6.1000e+02,3.5550e+03,1.2000e+01,2.0325e+00
6.2000e+02,3.4070e+03,1.2000e+01,1.9997e+00
6.3000e+02,3.2450e+03,1.3000e+01,1.9680e+00
6.4000e+02,2.8850e+03,1.3000e+01,1.9373e+00
6.5000e+02,2.7930e+03,1.3000e+01,1.9074e+00
6.6000e+02,2.5910e+03,1.3000e+01,1.8785e+00
6.7000e+02,2.4020e+03,1.3000e+01,1.8505e+00
6.8000e+02,2.2260e+03,1.2000e+01,1.8233e+00
6.9000e+02,2.0610e+03,1.2000e+01,1.7969e+00
7.0000e+02,1.9070e+03,1.1000e+01,1.7712e+00
7.1000e+02,1.7630e+03,1.1000e+01,1.7463e+00
7.2000e+02,1.6290e+03,1.0000e+01,1.7220e+00
7.3000e+02,1.5030e+03,9.8000e+00,1.6984e+00
7.4000e+02,1.3860e+03,9.3000e+00,1.6755e+00
7.5000e+02,1.2760e+03,8.9000e+00,1.6531e+00
7.6000e+02,1.1730e+03,8.4000e+00,1.6314e+00
7.7000e+02,1.0780e+03,7.9000e+00,1.6102e+00
7.8000e+02,9.8820e+02,7.4000e+00,1.5895e+00
7.9000e+02,9.0490e+02,7.0000e+00,1.5694e+00
8.0000e+02,8.2710e+02,6.5000e+00,1.5498e+00
8.1000e+02,7.5460e+02,6.0000e+00,1.5307e+00
8.2000e+02,6.8710e+02,5.5000e+00,1.5120e+00
8.3000e+02,6.2430e+02,5.1000e+00,1.4938e+00
8.4000e+02,5.6590e+02,4.6000e+00,1.4760e+00
8.5000e+02,5.1160e+02,4.1000e+00,1.4586e+00
8.6000e+02,4.6120e+02,3.7000e+00,1.4417e+00
8.7000e+02,4.1450e+02,3.2000e+00,1.4251e+00
8.8000e+02,3.7130e+02,2.8000e+00,1.4089e+00
8.9000e+02,3.3130e+02,2.3000e+00,1.3931e+00
9.0000e+02,2.9450e+02,1.9000e+00,1.3776e+00
9.1000e+02,2.6050e+02,1.5000e+00,1.3625e+00
9.2000e+02,2.2930e+02,1.2000e+00,1.3477e+00
9.3000e+02,1.9940e+02,1.0000e+00,1.3332e+00
9.4000e+02,1.7460e+02,9.8000e-01,1.3190e+00
9.5000e+02,1.5070e+02,1.0000e+00,1.3051e+00
9.6000e+02,1.2860e+02,1.1000e+00,1.2915e+00
9.7000e+02,1.0890e+02,1.2000e+00,1.2782e+00
9.8000e+02,9.1470e+01,1.3000e+00,1.2651e+00
9.9000e+02,7.5700e+01,1.4000e+00,1.2524e+00
1.0000e+03,6.1600e+01,1.4000e+00,1.2398e+00
1.0100e+03,4.9290e+01,1.4000e+00,1.2276e+00
1.0200e+03,3.8730e+01,1.5000e+00,1.2155e+00
1.0300e+03,2.9340e+01,1.6000e+00,1.2037e+00
1.0400e+03,2.1700e+01,1.8000e+00,1.1922e+00
1.0500e+03,1.5610e+01,1.9000e+00,1.1808e+00
1.0600e+03,1.0960e+01,2.0000e+00,1.1697e+00
1.0700e+03,7.9650e+00,2.2000e+00,1.1587e+00
1.0800e+03,6.0700e+00,2.2000e+00,1.1480e+00
1.0900e+03,4.5850e+00,2.3000e+00,1.1375e+00
1.1000e+03,3.4520e+00,2.5000e+00,1.1271e+00
1.1100e+03,2.5940e+00,2.8000e+00,1.1170e+00
1.1200e+03,1.9150e+00,3.2000e+00,1.1070e+00
1.1300e+03,1.3770e+00,4.1000e+00,1.0972e+00
1.1400e+03,9.5030e-01,5.8000e+00,1.0876e+00
1.1500e+03,6.2150e-01,7.8000e+00,1.0781e+00
1.1600e+03,3.7130e-01,8.8000e+00,1.0688e+00
1.1700e+03,1.8960e-01,1.0000e+01,1.0597e+00
1.1800e+03,5.9170e-02,1.1000e+01,1.0507e+00
1.1900e+03,2.4450e-02,1.2000e+01,1.0419e+00
1.2000e+03,1.4560e-02,1.1000e+01,1.0332e+00
1.2100e+03,8.3980e-03,1.2000e+01,1.0247e+00
1.2200e+03,4.9380e-03,1.3000e+01,1.0163e+00
1.2300e+03,2.7720e-03,1.7000e+01,1.0080e+00
1.2400e+03,1.4510e-03,2.2000e+01,9.9987e-01
1.2500e+03,5.9110e-04,2.2000e+01,9.9187e-01
1.2600e+03,2.3290e-04,2.0000e+01,9.8400e-01
1.2700e+03,1.2580e-04,1.8000e+01,9.7625e-01
1.2800e+03,7.3910e-05,1.7000e+01,9.6863e-01
1.2900e+03,4.3640e-05,1.8000e+01,9.6112e-01
1.3000e+03,2.6320e-05,1.8000e+01,9.5372e-01
1.3100e+03,1.5210e-05,2.0000e+01,9.4644e-01
1.3200e+03,8.3010e-06,2.4000e+01,9.3927e-01
1.3300e+03,3.9720e-06,2.8000e+01,9.3221e-01
1.3400e+03,1.7000e-06,3.3000e+01,9.2526e-01
1.3500e+03,9.7070e-07,3.6000e+01,9.1840e-01
1.3600e+03,5.8130e-07,3.8000e+01,9.1165e-01
1.3700e+03,3.5800e-07,4.2000e+01,9.0499e-01
1.3800e+03,2.4010e-07,5.0000e+01,8.9844e-01
1.3900e+03,1.5710e-07,5.8000e+01,8.9197e-01
1.4000e+03,9.3600e-08,7.5000e+01,8.8560e-01
1.4100e+03,5.3850e-08,8.8000e+01,8.7932e-01
1.4200e+03,3.7960e-08,1.2000e+02,8.7313e-01
1.4300e+03,1.7910e-08,1.4000e+02,8.6702e-01
1.4400e+03,1.2030e-08,1.7000e+02,8.6100e-01
1.4500e+03,9.4470e-09,1.8000e+02,8.5506e-01
