energy 	alpha
1.202247023	31.38861884
1.191805727	24.68264641
1.181377235	18.7590601
1.170670266	13.43098538
1.160273783	9.374040447
1.149688447	7.246613919
1.138959071	5.507217261
1.128386539	4.114720574
1.117970851	3.022452877
1.107254279	2.220017827
1.096553711	1.562619294
1.086163629	1.072190729
1.075805557	0.675601347
1.065329051	0.390928583
1.054922965	0.187544119
1.051065896	0.108642624
1.044977807	0.039374646
1.034565319	0.019214221
1.02393197	0.011308855
1.013461867	0.006433177
1.003199821	0.003139372
